["ADENAU" 6.929 50.382 101 47 2 3]
["AHRWEIPJ" 7.091 50.535 262 0 12 1]
["AHRWEIU" 7.097 50.542 0 307 1 18]
["MAINZ" 8.271 50.001 185 92 15 18]
["WIESBADEN" 8.241 50.082 156 88 12 14]
["KOBLENZ" 7.589 50.357 132 67 10 11]
["TRIER" 6.639 49.757 178 94 14 16]
["KAISERSLAUTERN" 7.771 49.444 143 71 11 13]
["LUDWIGSHAFEN" 8.443 49.481 167 83 13 15]
["WORMS" 8.366 49.632 98 45 8 9]
["SPEYER" 8.434 49.317 87 41 7 8]
["NEUSTADT" 8.120 49.356 76 35 6 7]
["FRANKENTHAL" 8.355 49.537 82 39 7 8]
["LANDAU" 8.115 49.199 91 44 8 9]
["PIRMASENS" 7.605 49.201 67 31 5 6]
["ZWEIBRUCKEN" 7.370 49.245 59 27 5 5]
["BITBURG" 6.527 49.968 54 24 4 5]
["DAUN" 6.829 50.199 48 22 4 4]
["GEROLSTEIN" 6.660 50.223 44 20 3 4]
["PRUM" 6.424 50.207 51 23 4 5]
["WITTLICH" 6.890 49.986 62 29 5 6]
["COCHEM" 7.168 50.147 68 32 6 7]
["MAYEN" 7.222 50.328 72 34 6 7]
["ANDERNACH" 7.407 50.432 78 37 7 8]
["NEUWIED" 7.462 50.430 84 40 7 8]
["BOPPARD" 7.590 50.230 46 21 4 4]
["OBERWESEL" 7.727 50.109 42 19 3 4]
["BACHARACH" 7.768 50.062 38 17 3 3]
["ST GOAR" 7.708 50.150 36 16 3 3]
["NASSAU" 7.800 50.300 41 18 3 4]
["DIEZ" 8.013 50.375 55 25 5 5]
["LIMBURG" 8.063 50.388 94 43 8 9]
["MONTABAUR" 7.810 50.433 49 22 4 4]
["SELTERS" 8.168 50.530 35 15 3 3]
["WEILBURG" 8.263 50.484 39 17 3 3]
["RENNEROD" 7.809 50.610 28 12 2 3]
["BAD EMS" 7.712 50.332 32 14 3 3]
["LAHNSTEIN" 7.656 50.313 45 20 4 4]
["BRAUBACH" 7.646 50.273 48 22 4 4]
["KAMP-BORNHOFEN" 7.628 50.225 52 24 4 5]
["KATZENELNBOGEN" 7.979 50.290 30 13 2 3]